73736
-172325
-980676
-198997
735932
-14879
-352965
355857
825502
-62521
199671
480058
-816746
313827
-184668
-512019
-721698
-505350
226732
417378
-638766
-483922
333902
-217027
5213
52997
-804637
-27608
20115
-844014
-852932
592011
469981
-850110
-758616
57579
128847
-913083
130066
580828
-20202
-557802
250182
258596
332045
81449
-375724
19566
856430
-990415
-620915
296104
-992859
995467
128555
-29575
-638144
-827190
982669
-307358
168963
-870177
-169825
477424
-109799
710373
-773288
-375397
-914843
-182393
-310435
-527425
-581771
304271
337347
443700
-161896
-235637
-607887
499468
-207482
-810211
-970460
877800
223038
-867744
666765
-644873
89965
-310157
468757
-616820
543754
675107
-428096
55899
-286721
-671431
611375
-520367
-473471
-402340
567360
268813
-698496
369445
-748720
901630
-96198
-426690
-271584
266650
-239894
-349771
-514091
-120520
-198241
-291997
-939239
-495606
-288985
-901773
305504
-339525
451114
-490735
-144443
443425
65618
-389071
-743406
-723553
-550488
717689
-100386
247066
898938
-736692
-402863
612374
-403848
345460
21891
104812
-994721
-123413
829187
710698
893261
-104634
-622860
610183
-725966
-655297
593873
-995711
900711
633181
9680
996117
-13735
887874
-495003
747162
-552354
696593
355293
-721349
-433368
-692870
72363
922511
-733481
717283
106944
114647
857768
662580
-164717
-231341
-856629
-888129
-499392
867649
315731
428107
-344628
188403
-689721
-718916
-744313
448524
-764203
361440
203274
616663
706086
906328
-528672
-241853
125005
-727391
-119615
-348801
-990888
741310
-166534
557102
174985
-403836
632168
-399801
463391
43905
728866
-350836
705357
-676854
-829385
-989787
538572
-232992
-666611
155481
-705396
590974
363880
-326936
-174971
-409342
713739
-931577
122797
-511563
316921
-535944
252930
-893127
994260
-8762
428102
-827058
-649369
639770
-722613
484673
-617409
986685
18020
741361
67059
-415701
118907
289791
-932347
-696752
586689
-490351
723937
383202
-884352
-398525
653698
-127910
853260
-534356
-925516
-645104
425176
673928
770164
768626
851876
958471
-587661
814304
-566956
564401
-82375
784167
-527396
569204
192103
836761
140760
-496180
611093
478918
-656200
909837
-671270
664153
692121
659920
-515991
-610544
903982
423800
-411304
-310311
166365
-709280
-212483
-46842
622054
508579
-541327
175021
-671426
-878457
-718794
403743
-216326
757766
-682891
-501885
-86297
-435333
-568353
954382
-337610
361190
-405834
-963744
-865708
-893861
101476
-980738
40664
-892915
717257
-805144
-703210
793715
922258
113751
63824
142357
-148540
363413
-937076
-213643
188633
-469000
-938367
-208484
-589567
-408708
893867
-26816
172425
263164
-217346
-337009
328409
-322547
913719
-211686
-503017
-406920
330189
697441
493418
-492207
105735
-192265
200025
-653768
-915929
-945070
781777
-248660
-975932
656433
545861
897671
692277
157738
-274960
25754
647465
-105521
576566
-122651
-54060
-238084
-283864
728307
-707772
-879808
776871
-256432
826578
-531482
81312
835240
-477133
342815
-269707
847998
889390
-651699
-467588
-199163
631400
913518
439712
668959
166491
944035
638757
-535313
-726939
242652
-68470
340893
-362243
-443101
876423
-534363
565632
-565503
393910
37212
-503767
987664
-194226
-120447
-354912
-972257
481801
172796
-941271
820219
766632
581686
-516483
254304
-275059
753684
536502
273020
890885
265617
-171805
822172
-421591
888566
-238021
-634378
-165799
341305
-220049
701074
-375959
737264
124312
124117
-936104
618096
47440
271147
-522437
103686
418140
638416
486969
90449
78343
-24900
597167
-573766
756874
-422359
407924
981522
632998
587842
260790
70342
782420
81897
-32765
726081
-141804
-393691
-296348
233055
-572317
-943833
-336092
-714871
-517816
-6153
831150
42609
688396
-96320
118420
210924
683913
739636
-73812
-324889
-962405
99229
270933
-253945
-872780
-907774
185815
-622239
246540
158194
-616984
-736046
519797
317423
-852789
-318723
763468
-915462
-954220
-309537
-638069
256056
751622
-916464
516476
-967106
-385507
345241
-545528
-450178
-588377
-653076
761774
-388275
10380
23044
-330353
18960
-977105
-255078
727461
-237309
-450835
637185
225044
-744795
339907
-653665
495129
-973500
478220
740616
761759
-446048
-192025
-717896
-236432
-550849
-279625
-117395
958856
-534964
-435644
-270433
-199034
-820691
173438
723741
-723524
870816
-163358
-686907
-590235
48912
-55050
-345632
493942
969850
-205714
505496
-78579
-714634
-411663
747670
427398
978405
-256011
347196
-921171
-293706
938822
-243076
-176627
909908
608422
250963
911463
-637776
-166769
-664474
-181570
743654
186388
-708041
-749809
-138482
-804763
-250748
86559
25250
-448911
667580
895596
115207
-66906
587807
47685
944954
-447404
143473
376822
-661224
-157521
776666
270619
763338
496115
-383011
626325
5067
592546
-196109
803995
320535
-389143
248003
-87064
-961679
741921
-942719
-376814
-915503
374897
938208
491131
11881
903440
-32331
402272
-83245
486184
164906
535311
-206887
350550
141723
969013
68704
-25650
228496
64853
-395919
242076
-574121
425173
-564635
664965
940478
410675
-596819
-100340
-253718
-901292
-159684
93968
436951
-125955
-282479
-944238
-812435
388059
-366620
-575467
-278853
447676
-660628
737438
-365614
-548768
41675
378715
-191423
-147734
-906601
396768
-470488
287473
725894
87052
-931845
873012
-932299
998154
-754987
-163222
-689771
-846860
89974
738102
612979
-93167
-569253
790073
-118366
-239553
643961
-638910
-223162
-394260
644501
-927712
633792
217150
-527549
-592231
-658895
688595
713721
918771
19757
158498
-338226
20655
-994434
876032
660437
240085
-121454
925375
441872
-635157
-636030
574321
-483181
480127
674111
963146
255543
-463388
-945701
-343389
737911
634617
942705
161179
-476054
-624476
31539
486488
-707491
-135714
-739186
-446485
223756
-167576
92284
75730
190973
627612
-780570
-959849
-771462
377310
700467
-537451
861097
458033
35185
-275238
-241207
-706842
135455
-222680
542731
-806929
-854508
-722282
14731
940369
-840688
721748
750569
-276040
-347810
-782196
-871928
-598364
-739038
193763
-722461
769857
999492
699422
-899961
-463147
966137
-820638
636465
-908333
292843
300947
-77820
177164
360709
155102
309735
821253
278620
184787
193657
-811677
491325
-824790
82994
-387581
823247
122919
-716265
-80090
-7323
-871785
-831207
-521654
879715
-604038
-960885
619156
-395191
-403653
304702
-22424
749025
-983654
768315
-836709
-560383
-488022
-307555
-925888
639102
480502
202504
966303
222253
-581057
48330
-856892
213271
311137
-556020
-502477
-658888
801748
675124
56633
-572300
-380723
896987
-855971
-386793
-376188
-100634
-163082
535687
-166639
-90045
-51882
-380407
914928
234050
-849756
868780
-583901
-338163
721224
-598187
121591
-792378
-615937
-422808
-896546
-639173
464014
455313
978043
-48696
-390638
714796
-519747
-760758
890102
316247
31010
63675
-517121
-216047
85789
504175
-208767
-743665
739731
-991382
-504267
757915
-896130
307036
-645342
268073
655412
-443334
141623
93560
212546
-316551
-978309
-494111
390258
-597527
-689061
-111040
741613
694573
361378
141308
210041
807251
-529400
-955596
-593438
-146028
-550687
-726905
-757129
132649
525942
731904
-710740
357831
-426767
-294627
-31139
-702918
-38927
78202
-562894
-43366
477502
174751
995613
-348501
597654
883427
512384
97239
104102
-284933
-342036
148672
-795884
-77661
173189
-953723
75833
439911
-811007
267411
788844
-942706
-760369
-290907
-778119
-424412
277204
815065
840753
914595
810192
-957072
246043
-484419
-327201
-853982
-844088
-898871
-429796
844956
877381
-7993
-786720
444183
856617
-35823
761768
-246250
311885
443553
151829
-8388
246299
181881
-351860
-177593
661887
-146125
18685
-782803
-402309
40869
-154687
612177
-536361
-40400
-699747
179682
-518923
365734
413028
756177
223171
189141
814392
-495891
551497
-593996
769649
-828900
-239134
-608087
-162026
-704328
931463
-173195
-862073
-332157
517319
-976707
-887618
590281
77523
88118
-312534
-428911
-142795
-20501
-461125
-217985
134305
135854
585852
789961
922724
-345703
-405799
-990124
-996103
-990273
464898
-917526
268730
141813
-850456
-151782
-628684
-721866
-571419
104877
-337517
241207
-387592
883648
-565828
-342904
427309
-505213
191482
-323356
-684261
-141044
-364593
600341
573319
428761
237932
187782
-986969
-346656
455741
-173209
-115712
-100139
39067
-487817
-312080
-34056
319909
-733071
-642360
-72041
-618455
829973
402193
384679
-229829
-270127
222192
31099
-930840
895628
561316
-248929
-495355
-865136
581803
-985004
653600
-218735
-835836
609447
358680
-917794
543632
512432
455625
706211
-487278
-291484
125919
-304040
793301
-550632
-100020
-460598
-969619
-85101
814036
-280124
-354283
-176818
727621
131290
-286920
-924854
-510395
-589359
-694389
-889714
437315
613806
-71593
-785220
644880
371674
-236076
-376753
-194938
-733970
439985
-741388
-392858
438561
-728655
-900479
-977216
-480949
37743
684694
-427253
58773
-606782
437583
221268
-742592
-625477
-631005
-575341
-4722
33611
-773284
987674
792145
523266
463155
-515929
109838
707954
766087
288920
752716
-600654
525114
-538818
886015
72318
80936
-404534
-225140
229500
188741
-593181
101625
117657
712530
-981286
-246477
773266
-300484
759157
703866
936207
-517359
712680
-429843
-549783
-260193
-724382
807981
450957
-608597
-129598
860721
43000
416971
732138
-334810
506594
-927647
300716
-311552
249335
-174540
-435870
-529246
654144
-339284
632730
433318
439969
426794
652781
762313
-921733
179586
-368911
-138378
967409
921622
-356796
406637
278088
-433008
894025
-226032
799208
307515
-768273
653770
-360321
-431745
-532820
471709
-130107
-795657
783498
-831162
891226
825008
599640
671118
71883
-35839
-580479
270000
481587
-179966
-979719
944738
-621314
36138
984659
117506
-369591
362249
507375
-461858
144869
-765154
-983599
-579552
225403
-345898
-106226
331220
-349623
-18910
-322848
712472
514442
-811341
-90280
-33569
-801036
726997
407986
56417
-857765
-920987
-794684
-834397
-733709
999152
253329
771230
81458
-218262
888442
511119
904404
-125560
15124
-808358
-887944
867898
686101
502556
826984
446024
-686233
2252
-54282
956680
917855
-280820
67329
-889798
-835065
771730
999319
667520
459927
-970323
-329291
-703363
196483
190839
60457
767880
-77778
58518
-683240
567949
-64836
275886
307356
660992
-407931
-554649
86789
-810625
64037
762390
573249
-42876
-909264
695818
612694
-960061
-768637
-661387
276875
633382
-918603
677750
214183
-320157
243501
38335
-328495
-985418
453965
647528
-100202
705984
514764
818511
9
-571140
800546
940969
-458235
-996518
-356
586026
209934
462586
-118513
-989098
586758
-909015
187072
457051
-446036
511971
331632
7853
-966345
465554
-829396
-838706
137417
-975587
702200
-204622
-734793
955721
112113
370917
428545
-760784
932695
-995508
-268948
-183599
680892
424067
728256
-218424
-8602
283798
-765058
-84057
-569813
264421
-816797
157071
698797
29197
-814920
17521
-517181
-828908
861537
-44869
-55473
503172
219191
-246328
648403
978659
-566412
654053
176573
-388022
81864
-295679
902339
-414555
-139896
-638736
342249
375558
444294
606556
-76640
-136666
308731
383817
-281080
-952200
558625
-530622
573014
521579
-809250
-504795
514385
487357
566810
390152
-334346
546039
283441
48711
491580
-685431
105220
265900
-569614
-736894
-289494
666169
-207420
-228245
188740
-920556
40412
-197055
79855
137231
575653
372878
907602
-246188
759082
180131
350678
311722
-197603
-832524
-100363
179942
47732
-532208
-115924
445808
-678354
596155
-868342
-29583
709428
138922
-992661
-984426
-658726
448090
112318
417668
113156
773133
-837631
330840
57061
136802
-10290
-177959
-833821
-58992
711055
-498115
-25961
380094
-657586
-510060
-99216
-341886
-636889
559573
936695
680821
126302
-806140
-627795
300144
633997
292220
257424
650213
413302
335070
-401348
571867
79863
-729578
347951
666503
952859
724615
999077
782980
-87475
-443565
597922
749360
-374361
210376
647182
466850
-336024
842474
343674
-864309
-568316
432409
-99583
-938200
-480170
-61729
-767287
-586207
-499599
327512
869417
-67071
545428
966206
-521372
-710253
-123077
-954480
727060
385365
-91438
275935
112546
650844
778373
-178379
879218
973764
-66270
329371
-888495
-534272
-648220
996179
234151
-83831
289330
-565526
-628574
-293325
701733
-499347
758355
549020
993092
880875
-132840
-132813
-706902
-373548
-839337
845668
732502
-909571
587862
-479253
660495
-608577
-565446
-675126
-924174
-682176
434587
-190379
311450
214729
-124224
-331029
-978966
-871082
-411780
-171201
-645511
-549587
-339036
942292
-359269
113062
-378581
-748025
-167032
-773623
36189
229318
378540
917524
467380
548959
840459
100635
-255654
-642957
-275506
-921526
742972
-663799
752749
-177785
19399
327998
966395
74226
422595
-472166
880265
802190
-277688
746367
-872008
-209415
626784
-569925
745055
661207
301371
346428
717268
270029
484617
-29085
887643
-757207
-110600
671729
28585
-816481
277706
277278
-519917
849327
-18543
834376
-503336
-189150
30218
-215736
-956281
-246734
331796
22497
-474481
718153
275659
175186
-195615
-655518
-541242
-830197
636611
-993524
776425
-849284
-485580
-960755
-387481
-685816
-12936
-298461
332759
684312
-775745
49894
931826
-53427
-727050
878281
-525081
567373
97065
845375
724827
-83393
808083
-517894
-692608
720977
-64956
647630
-81327
-677130
239469
373556
-283929
-328914
723275
476267
903163
-537987
-524114
-647111
909177
56957
778789
-493744
-658371
826511
-922296
59851
319212
-924755
749602
-173353
-717966
-249637
-319559
-461073
748691
237756
-441030
383807
83120
-375487
853702
561834
-506855
835452
-533549
103143
283017
-307309
-982592
803270
864322
652367
-130694
-925807
-570426
880468
533316
-864243
952623
738155
145702
304928
-119636
835195
853108
698380
998040
-942953
97785
-866983
-308424
177841
185665
706002
-632431
-424597
54144
459813
-534684
-704114
386978
255534
879815
544148
883312
-459955
-415518
-370721
-132133
-917645
301506
276237
-923287
-582084
70621
816483
189753
-544330
403491
-65050
885812
601281
-313155
39048
875474
-928498
77924
-455041
-750714
-378807
646113
52274
929352
-9645
-42723
427469
-856259
617384
884452
480501
600708
746976
-625222
-995819
488735
523601
-791206
-808363
-597380
-667311
304583
834476
719776
-244327
-689903
-86132
-58897
-634427
571047
169276
-921830
-276104
300115
-459196
-738651
41628
150998
-924287
-153325
492359
-604000
-51880
242481
-449223
642092
-842489
387837
194946
544630
972823
939697
-448064
-883302
459246
-343825
-621050
617866
983169
9738
-961575
-114068
-865114
778606
-939436
-842482
363399
-348370
-277397
312071
543283
-908120
535628
766059
323278
-85033
-881951
-817494
80361
943029
300274
-735995
876396
-481973
-731416
-473298
-308304
608854
-501844
424444
690729
-562025
-611282
-837304
-322240
529336
-581758
-994457
-971073
303062
933924
-316093
85350
-357073
-698660
-118632
243483
50794
417213
312777
-696003
52093
-513977
357724
-728551
-85826
-446548
83865
815349
-223990
265520
-529990
-372534
-682612
44713
-932529
985872
-715733
788134
769073
-859855
-720494
-677588
894752
856479
583901
-307300
566012
196481
-85155
926384
338972
-964088
-378488
516260
-6833
-893983
688256
417777
803949
641603
89406
98868
-920424
606759
-310949
733358
-853868
112152
322555
737636
514113
-276448
916950
705383
-165711
679010
-483612
578094
-300822
-979258
-278107
-369249
-81479
637774
694794
825260
-705871
592392
361347
-345702
528319
-761690
-78499
-370581
509189
839672
-895072
208429
485596
-449316
-68255
534121
-6960
-186347
698552
-490999
-344270
842362
992055
272950
-724819
-776907
240749
414771
-714989
-123337
-367483
-376490
935506
42812
785548
-30813
-539771
-833418
465360
-142842
-452697
-840487
616675
575533
252898
422274
-912193
39040
158341
722885
772995
134462
499477
267217
721372
-351691
-910854
692482
-339713
-556258
-155814
154691
-565678
77970
656899
-201570
-335062
-6483
-849022
980962
902575
-857154
267089
147312
-946212
-125657
447148
577186
79651
-236328
601860
-746409
548398
820834
-38259
-94945
508735
-477766
-601998
-68608
-422344
-70259
866601
435043
574135
-801990
-325664
-335330
250457
-596239
44438
-922209
-623200
502886
805959
-22991
723823
-723023
-627393
712814
671282
825925
-703472
-755262
900890
978955
592671
-592105
-711290
642074
175320
-712670
-497283
287765
-331134
-524342
-973992
373666
813484
-628944
-387075
-820734
-276793
550111
862917
-928686
665422
727826
-842369
574429
816543
76572
-796274
-560996
428525
-405256
790829
221515
698191
-41235
-704045
-703576
-465680
43613
-753102
-852533
-790423
-884693
-30631
818461
-342996
-389433
-13959
-236426
-392169
264152
606404
-124329
-488664
110724
-581647
989760
477136
-776737
9564
-191952
810080
666477
-964021
-851657
497696
92502
401996
-28487
342271
-78427
463930
236609
503908
220220
962398
369791
276643
-367400
181809
943200
220811
-718403
629439
67528
554268
-109058
145832
47471
283861
-606357
715201
560597
-502868
663703
-326185
495971
929815
-5116
-257517
365856
-812217
-111890
-366599
-259316
703477
-779087
-642293
824860
851797
834903
884234
-456621
231206
-983358
463836
833146
55531
-160398
-921719
-654084
352180
-325772
-696481
-900128
680725
-220696
850998
720355
338616
-435923
-8754
-978639
861071
-826069
941524
338368
-56927
588604
-101628
-896950
-828922
678071
471912
493285
-76434
673435
-467522
-44992
-782885
-651307
-788745
-581380
830703
778286
613340
-697436
-151329
-593835
785611
976587
-773881
434052
-362592
-752703
-296552
-533680
349999
294897
172780
999954
105325
878426
-561414
599022
202542
479272
-134299
287485
594056
-77330
-639185
-392165
-918953
269699
480779
-490034
82906
-605834
-844465
-487727
-292485
917294
754440
-625219
745772
307875
-46552
-687405
914925
-899533
-275750
-493208
681578
169506
-455050
-785683
762816
65713
131600
-690918
-647328
-338215
-508757
346295
201740
292516
50443
-986873
283007
201513
-453464
-85039
-30422
-497502
-940482
490892
-247016
-646357
445825
-40282
-255246
231962
-843282
812401
-677729
817397
-356931
-412118
-656253
-563436
-891277
-372824
745193
459604
-982764
-216034
-20485
666229
897141
-362099
373998
230033
-361170
170313
6203
-339142
-365394
-490331
-769401
-30674
-143766
561213
404516
525113
-522578
-930847
123312
372136
-360428
821273
15963
-559003
-106863
-897446
360775
-105804
922540
565827
-604920
200969
921163
-538860
-614838
987395
389414
459820
-890094
282505
41692
89532
232989
694400
-217564
951054
762852
-944474
-743780
266348
650561
514574
-976323
28462
695851
521400
-632848
639588
407325
-490804
-290631
839963
614294
111859
780562
-313776
-810951
164562
-577709
575855
-75628
-773212
307148
930438
-387843
29299
-661515
366603
867097
-337165
827197
-729786
803830
722939
128126
829404
829912
749217
-815086
799994
-26351
943216
627711
-33766
-51319
339785
900429
-564875
-54690
-485805
691321
-161019
-179036
112544
30850
-62538
-664371
-134690
-930912
-843224
777508
532790
-426220
741539
-658572
-943292
-854245
-353640
-846395
-256844
-945028
-241072
289478
-195211
-322495
270388
-870330
768285
632834
67000
-695076
717273
-197668
663140
-8281
-909425
-369535
-558976
902064
-403694
-524951
955611
364140
-126591
497063
-196424
68701
-265796
192598
453590
-733481
-173948
-585550
32027
150368
-899921
125507
912476
-583631
-659964
-559949
954443
985817
-118343
219969
601726
393089
-19578
560846
-300776
-887222
-574747
-173803
291990
160978
198121
-714120
-314312
-698410
729400
-938763
-539383
-267023
416935
400183
413965
-365181
-175632
951625
964231
-754003
298386
97637
8292
-440200
-618298
-931605
-605625
20629
-741479
-142099
-92238
555455
-549334
-545433
-688051
-915395
-911486
670092
986455
477827
-288501
-495685
699814
-1032
-207441
-239472
-344740
691923
-893682
-444777
-693592
972574
-285989
371740
954422
-741923
-441260
-248674
-341836
-194488
-458532
-211614
393858
411059
594998
498595
257270
824591
-272416
-593562
-87479
-538615
-512630
241004
514849
318160
986033
-615743
-453189
86644
32349
-576398
513076
631914
620275
847068
260981
406316
729912
-154210
514105
-961795
-628381
-561360
-67779
940234
985948
611213
-427005
-581460
-669161
285964
-248638
-874614
-664184
-990003
888045
-54820
-428734
-946
964702
379146
958384
-717539
457759
89202
917358
130984
752213
-187127
861637
717104
792650
-102375
981441
-336036
-787691
809256
441329
471786
32872
-370311
-201157
-448000
-294666
46508
-737063
312737
897535
-465792
-801036
356283
551673
-352711
-785701
953821
-675235
-114148
-16800
724613
421771
401048
714959
858519
-243750
925695
-672500
689514
-637760
-871823
-560440
425469
-349670
123609
-699681
176199
-7654
-103919
-301614
-829524
817098
124961
-210468
-898293
-739263
-371291
34099
695924
-559519
-367540
-979492
851831
448969
-172804
720939
-982504
433630
-876269
-765994
490078
-277903
-187831
-584267
893706
738189
153137
142105
545125
307808
171614
112710
186035
-686908
268579
-777202
165187
51816
802290
976907
-880216
-457441
-898971
-987528
824450
930885
597595
615340
-953355
856650
-940357
642485
337724
608476
655060
-260467
-153258
-631627
205925
-946692
103006
102270
-571208
-924407
-478728
963934
2537
-962530
254567
-98524
-176188
-360905
-830532
254605
-751156
-487354
-569303
719282
465496
934183
-491404
490641
531545
101819
30215
-606154
-372042
84131
-403676
-183163
-741672
-374501
-693067
220327
-597054
-248464
-853439
-737777
-714409
594720
-451589
-452568
-680769
791820
-870027
-968547
137829
527196
408946
-895804
712472
366703
-994472
-465368
-241455
-733699
-549180
995377
-946412
895180
585016
-526094
828399
846987
603631
-808305
663711
254671
136786
-60599
-783662
931367
-735997
-453848
679304
875102
215190
891715
138386
-252340
-153377
955183
62781
-259751
-122906
-584958
-355704
-300528
-256521
645891
-994288
-429093
-857130
223472
-299379
-854047
235024
-920214
-906251
539128
173933
-677887
-91970
-537271
-477694
967128
-984383
753791
281571
-477195
996026
-672981
-270219
-94553
743660
-522952
-573215
-301676
600417
-797690
-278748
-213154
-128305
552997
626243
869362
417046
658479
418204
-599315
-935834
83138
998104
945706
48894
760600
-748291
981996
863247
993605
-525280
-728667
-719425
-510067
-98505
281057
-468535
-768032
-417907
648018
311873
-650893
-430002
-469128
336373
-485892
-57790
416109
-527120
-609014
-31337
-367670
-311272
690430
-255018
232122
-946697
893482
61688
-909671
364950
-84604
583442
-173880
-236411
268038
687275
687504
943736
-997850
-753362
200751
193036
-870547
621818
795396
980007
-223689
-283241
-54060
-656132
-843386
-571260
-271305
-94418
987266
-866388
973986
-519796
-739823
-615817
174865
652923
-477681
294012
-984495
-50575
585770
-136109
923111
-66531
-229539
889864
-446047
-697947
-718457
-478163
522167
-702457
-846809
103303
833820
-429023
-12233
894056
-194073
768587
36770
-8419
-698663
42402
371170
617597
-708470
-542624
270650
119202
231861
214375
307725
-90316
288156
212957
718938
345056
786969
-733968
-752043
-51608
-850365
266554
244898
-732331
-892231
258624
577328
-105785
-231922
-211819
-703952
-271379
487249
883100
868657
-174065
-776521
-283542
-221094
874696
741480
-384182
283715
-16174
515171
-822054
-925840
975738
-455154
-622894
241002
-822478
556766
983653
-261380
-290363
81823
-337088
39431
-348635
-927904
678063
10755
-336032
-247553
-622113
749074
153137
-746420
929342
831554
-784205
-534947
145918
322656
-780240
-552210
781497
-124557
-47720
-375310
568495
-422308
266253
-805702
-764886
776456
32027
232385
-904702
-111793
-803195
628626
-397635
-465812
622266
-91178
785742
-561255
145383
249982
-940290
-228025
623398
996361
-697496
-319497
813012
-724622
688030
-592328
896896
820922
659562
477117
-985218
-50931
70575
-318438
-937316
183699
-469267
-984037
963564
129494
116545
95808
-30773
392782
-895270
886708
970111
-817584
-195524
-320795
-71969
71788
895261
-642240
679716
-688338
-926702
-393867
542297
801000
676515
161929
-549494
-525546
-699257
-830709
551179
498531
372993
-795682
543714
-667708
487894
577205
-952878
-76733
-279319
-957410
612357
-868522
554741
143029
-773803
195565
717799
977785
955703
-996085
478038
788923
236868
934284
575136
679602
240997
-475899
254370
-850900
-8037
-936760
-451309
-631073
105577
937606
-343427
425694
451422
672271
916954
69671
-832062
-43338
88391
770265
-767651
-633392
389735
-261118
-537633
-612645
-658729
784023
-345873
771386
-384951
947709
-709677
-1506
-295361
827843
368056
-264575
152422
889075
-12385
-720564
206989
-481666
293220
-839655
167488
-470316
987756
865042
286085
-872299
648683
-291464
-531918
-693407
727760
-390336
-732695
-321461
235213
821464
706098
-971923
406662
55431
96563
11541
247509
-560270
-453362
791709
432952
752442
-507305
271321
-614184
542531
-369871
-12247
600374
389392
29572
502317
-169484
-783414
996956
-532840
302398
358112
-305823
-397922
-496173
-480441
-79505
688007
155188
941026
-66350
369509
-416409
831102
-554849
-633246
-9240
-424716
-638415
609715
303789
284658
-676289
-566871
843093
-343981
326039
-224282
382316
417449
291449
-687956
586717
-238243
-747630
872913
519797
271470
-284780
-830001
895248
636885
526318
-329736
-817054
799113
-750803
16454
825572
-517346
-936209
-790832
441048
234249
122111
447833
-821253
330366
727058
6019
-742969
55418
552221
-197983
-265886
-429603
-51759
-261974
-117594
-235857
-125004
-903352
-544050
121347
-839459
-855152
-262727
-810376
-653236
773453
-870306
-787876
-530332
-797579
-477747
-779668
372485
766909
325598
145719
136778
426312
511864
383137
-554916
-939781
848127
188546
495729
-485780
214619
512366
113893
768888
544802
-431600
370035
621299
807521
263599
-399344
506
-521332
684243
-242076
-809499
-566657
-984832
977637
-897063
-927056
-373983
-438126
117882
-498060
-325120
-194358
-53315
-842902
-13838
-880057
355803
-286584
-230896
201274
-113183
114880
-937441
-371325
139364
-177458
-12271
381580
-888237
-546655
781221
511940
-314011
-461853
628649
618931
-539727
442535
-124576
-945473
132700
-491602
729982
981882
427244
711894
46159
-941915
-158405
-204512
-746120
909894
827400
-18596
-101418
-467999
499880
-584205
833283
593750
639194
-376751
531447
769879
344631
-587795
226250
279811
131784
35702
660119
211620
839730
26396
467965
-469246
223884
-37001
-876737
434146
-713391
-838120
-435061
-478946
-138895
76715
782680
13410
810754
972741
86632
958080
804244
-203440
729069
450289
178081
-100848
-751160
-992023
603555
177233
393324
932373
-410304
-898001
291809
-480012
-773215
729858
941541
-652721
-159648
-492956
958509
-109737
245535
-757920
167625
16729
902198
901816
118949
287904
-179836
631379
-7893
280551
554983
166081
-360314
-440071
821958
-722323
-38398
503271
250827
812638
830351
53093
-328530
-270551
-100507
-84286
695341
-804105
491713
364291
-996712
239663
522061
-861925
-875896
599743
-865123
-723000
-718673
480908
870101
-448244
-882229
-853132
-210327
-781241
819637
476028
-898435
686702
481302
-621797
481515
14058
-824264
980770
81122
370831
-205190
-963770
-729045
127927
347870
-633268
86535
-177797
-274755
173135
-505163
-523635
-135014
763441
259472
-558155
-479469
-48228
171476
363494
-459661
-950092
-29311
555132
-676379
-747813
981848
551573
-72764
121376
929282
-729719
519821
-497211
711120
-597881
408310
159211
-723683
-20915
581912
-661924
771024
-602237
-592569
820981
901118
616117
-819326
468782
593836
407916
-748410
73415
-796878
747239
150141
-91119
-902981
-766085
279891
763351
-931608
212228
-222551
638439
449300
-444537
667235
344640
-10830
154982
-204195
-825895
638675
-4674
-60230
982540
-814268
-636703
-828196
-225378
-404267
974571
-974608
-255637
323124
502275
-585824
806834
-145033
-122064
50028
695931
-439496
-364075
846355
308897
-410534
-867510
-982229
-795392
396394
-359911
452048
-107333
435618
-13486
-836487
599722
623111
-376565
195814
475871
-343119
-274312
-709579
704467
-323797
763555
170516
-311374
998128
-787768
90513
-388800
859798
607055
-638194
167270
-783865
-721050
-269872
899165
835049
-418373
952118
41718
-606432
34771
689542
90755
521065
904202
-140317
-558490
933671
-825433
-416933
-716364
-511045
831259
-598499
285829
11020
-400042
728136
676442
-668762
-245178
-327458
-995157
820734
436718
-126505
-446451
732499
647967
-296878
241149
-717007
189781
396774
800204
262928
-812880
-230121
14630
680601
88460
206436
-230080
-455288
-719424
759677
-123362
-345684
79472
348179
-821378
238732
-322545
853447
328036
-199260
762741
196676
-725821
-596787
-948967
865640
870725
566202
771179
907037
605495
23582
-728751
-905017
-998892
-90261
773819
186326
348845
184118
-668955
468858
-333071
270519
46377
842230
499167
428268
950398
-8050
223493
551388
457873
-954214
-909517
8697
668798
327101
739778
-585057
960811
310447
371834
-79431
943297
913205
-215388
-780670
51144
-348493
-258643
-856471
866782
-325544
-459660
-952946
220692
366711
-453583
-970390
-331674
810102
-485247
48395
15956
-292001
178834
-544900
173217
-102764
-355993
497859
903847
425247
-747960
54659
-316715
-4569
-428598
180546
-404153
-70785
674678
-667195
718592
-564135
599065
501912
190023
317464
747304
-728790
-959205
-184893
-243891
-74860
-584493
-822123
-889582
-676870
-454313
-401743
-932439
-145526
354933
-175502
-779691
599970
745697
-45087
375929
24206
936012
581312
51771
516335
-148321
-217405
-311851
508471
852308
582366
333176
830032
-445583
498105
870876
-697508
-964574
-101183
799465
284695
630643
758872
-776837
-846503
-454233
978988
-901930
332600
-289225
218021
-445530
-565301
-700182
286456
-562640
769929
-668403
-202023
96027
379343
336464
559053
86741
-254464
-876739
479645
306724
-664890
-741419
156006
-975543
-382729
240201
-346034
106706
-413292
15954
-545583
-833411
496235
862253
943417
144964
996700
-265673
983084
758922
-479176
-222432
-749729
754912
300101
888015
-385815
-806156
483038
-63405
-329294
737302
-326089
119552
535690
-383000
590527
649774
-502826
-979294
499998
-465526
453733
-211968
269790
616983
213216
-794168
-603738
-507835
-76192
775163
298144
44972
-683238
650136
494972
-251035
529845
-188921
-438770
-835963
-554180
248233
645011
222007
-637009
-194567
-467567
-322571
-53580
628575
-143780
-303005
831979
-288623
153780
-186296
270687
477350
-307060
624169
23320
759481
484710
427908
-112051
311094
355494
-961354
-229052
100148
423465
249984
102095
-269635
667534
-375718
95281
251282
605171
445997
-653060
-761039
515697
-576408
-129562
-851949
471956
-100871
-441646
-719117
-61960
634071
-983689
-187988
-909060
350268
-717777
793152
-790234
862320
-415394
194933
589971
348481
-430467
863001
254105
-295409
-597438
-379161
-636165
630659
399598
-664702
-380472
-641440
-231374
626206
893776
-152718
-594497
-915522
-837052
-933598
-871191
-979945
439145
-469333
871799
346132
487801
773607
967689
-306317
334870
363331
724902
-492404
202347
903890
723938
5042
847329
500860
-339544
-556878
-971269
174679
-644183
968697
-182705
592142
798817
377554
-101598
-561667
-124093
31436
848158
-880289
-151935
6329
321458
-256609
-205446
88531
-896122
-465590
-142913
-477062
733210
506790
-5693
394905
555898
758108
-874593
293926
88864
500432
655488
827207
-184986
952081
678830
771730
383526
531436
-923079
-95251
201712
707483
-652222
447637
816487
-986981
510179
490682
-756424
283547
328508
-124858
-55496
-754416
513947
384958
-49510
780646
-761401
129089
880969
468560
-730519
-466770
-576152
-962624
933656
861027
985188
263795
974720
-665056
-629070
-669277
-169811
347401
261034
-715424
-62214
202314
-982017
-78471
565648
-932651
735066
316692
-920547
-170809
-412909
373725
-185068
-39192
-790516
-332453
-432358
915921
323625
-334498
-425964
-931672
408431
-314603
-388150
-746873
-433480
-334532
-436424
-878213
-929775
-65550
-423183
856104
-63056
-760152
530480
903818
-939499
274102
716925
-728874
-103237
127496
267897
-429825
393339
-659851
-114106
-448428
-752642
48432
358293
-851898
371037
237783
-771123
300360
920151
-818135
-581163
-410673
-78802
697685
329342
-913799
843806
-787347
-291056
-931382
-476037
-458375
20848
184209
778342
424
499050
-146583
758699
-265694
-139871
-544933
685242
977401
739856
-109023
-744895
-692803
139324
-442491
618594
-120914
999416
-662808
-957546
-624372
-864940
315871
-717794
583435
-288860
-59400
-21599
-877725
-839384
-530022
967655
-907901
641885
160010
-385232
602981
219487
817418
-973902
730621
330105
-129892
-162770
-761781
-824117
279908
-249298
727696
-921706
-369877
-626467
-240356
616488
-857984
-181630
529222
-644129
288377
431131
-426378
943707
-815209
-944110
-489252
303812
-922937
29342
725571
-251852
-494587
-376647
478464
-250813
585627
577465
-908156
-1234
567944
-874610
-151279
534819
-10629
-284521
-232566
181804
-261762
413601
-692382
-731211
685232
-72835
245686
677308
-442965
-231876
-373641
-690284
918148
-174199
-127424
771925
-745488
331172
476998
312291
-963581
274295
314989
-861159
715412
384214
178167
369683
-718403
784344
893527
-123755
-112513
-633268
366884
-387940
-777726
-781478
-378711
439422
-316167
-945480
771353
-572736
298660
92421
-404384
780660
42095
416069
726292
-798003
-342728
409210
-329206
739393
-309970
986843
-746235
-551335
608597
353588
519562
469144
-450395
306777
-979377
-286842
-411310
961352
435282
148440
-285529
-140070
810501
946621
-871796
880422
-571994
444615
-264282
-512269
351661
-909452
-767587
406359
-436001
196185
357113
621936
-545536
-806294
510757
-380354
-657499
-226840
542102
-760804
520103
-142105
352133
-300967
27060
205691
517080
58999
-194433
954495
-761441
-167424
41496
413825
307257
641791
96854
535629
-760169
-967262
-758416
365333
-360808
458218
42027
-62662
618516
-631028
-206547
486585
-727819
-808600
-792463
597045
606207
791331
-593452
-227044
315696
-603293
-614324
397177
199745
65958
-186440
511446
-96179
-116545
376657
956876
590217
582639
-225984
-814167
967857
141084
295626
420668
584836
-762576
-40026
915007
65637
781073
-285840
471905
-600157
-223304
971701
622960
941394
783728
277806
-841952
600
-47442
-812662
-355334
-515452
-433145
-976796
-646812
-334120
947922
-153644
968009
900455
-108966
-126303
823909
883929
254784
-402924
314158
965260
-518164
461288
482402
-597035
33453
-478755
755626
21092
-304651
-391573
-330648
852037
-813270
56596
-341342
-234877
-335702
140755
-915574
630375
-690978
-473808
-66903
218334
733177
7157
424104
-461832
481614
674427
-116805
387725
360780
-146659
843306
-547846
-609513
951630
-994435
-252279
-911293
-216505
473028
-726929
750511
41432
-673664
-239122
83964
-443936
-507982
645659
679081
-256680
131325
804410
730445
952585
-181894
64069
-388881
-700322
-522727
955660
-617467
-62636
-935250
816246
-766968
700173
898976
555365
96560
106884
185001
-635080
133073
560092
-620726
-813335
752082
409937
-95921
72535
199621
648143
-68742
100383
-455896
342177
-612785
-6365
-565576
-527678
-865925
769964
-200340
427472
-711838
-625364
-220011
774302
985412
-558820
-466288
-924696
-460661
-599420
-68316
-528607
125363
-191847
358015
828009
610262
545920
740296
394395
887635
-787535
-616480
695554
65434
-32393
-663749
984747
-458345
504467
-955820
-124331
-151623
868352
-12846
272261
33438
159570
-885451
960694
-615075
-462920
-227780
-552146
-343313
-702944
-750633
379884
-746182
418937
766532
-944706
343996
-821484
734153
991855
611025
-530524
-280564
-264420
-548960
777316
-843630
-661593
-679896
710999
654674
-222651
570339
-387797
836086
-741581
-466924
-640457
578477
-564218
-970318
37796
539055
872223
513521
-623833
-168625
-839747
-684311
-730772
89270
-727124
-949147
680462
459841
706587
611915
-589885
427257
-621173
594339
421525
-355925
276324
834757
44875
202916
815394
-180701
-419354
677387
-670292
617264
758215
-186661
577349
-535571
990574
662267
-634981
493198
163293
-121861
-242563
111693
909851
642925
-648150
38602
898388
833118
-755388
922781
871581
234096
533092
-344838
-625194
650389
627783
-631168
-944471
703978
184741
-952290
-626642
666285
-171486
483234
-707023
-873251
-486562
238432
-72309
463341
-366041
438779
-337364
-989404
101454
315475
867899
749076
995991
188427
-100012
-864844
-46135
-454987
-413584
-321123
736870
527261
-113309
858589
290421
537519
391678
-779269
-80133
-618491
-780204
276745
577928
-913135
-29926
-698145
-217491
121444
-750168
-375687
310155
199960
742300
-414481
-903226
-535712
676381
675341
-608743
919978
479549
-199282
572483
-743442
-992136
-970758
200736
-992746
763225
-942567
20242
312458
-90180
17043
442526
-339113
-138322
626213
207763
718587
617840
173058
-614044
944847
-734181
89156
439191
-136303
-666147
63245
858070
466446
-448415
616511
551203
-647192
177997
-282797
978473
140425
159461
548954
-222803
94885
526413
74382
950179
-649371
517867
871188
368733
944053
-312213
-887983
-832545
205611
368092
-14874
609741
195090
-67464
371401
-107387
-916973
-571776
285825
351049
292863
519622
-237698
173717
29116
145988
601746
451216
-558519
928746
786960
923421
-888337
-201739
-928512
-296944
335494
848507
-168325
-773634
-267551
-632317
-3671
843565
842967
241232
-887083
-395222
-477585
584767
-905430
-75398
807
-983610
485901
-663192
-106527
48540
-549866
-645379
186091
-680584
547372
-132466
644649
-502799
37691
-886545
713953
508548
304789
-711995
712739
870580
-410654
-780166
518739
202828
-944955
537161
-459180
459456
802318
606841
-887469
-510414
-399083
-734554
937005
803088
244025
108090
768126
741082
-352267
163451
339015
-795263
-529508
-900289
-954821
-649109
-948815
-972102
-199898
301715
-539
-807176
-245893
897614
495149
-374810
427640
112040
-684801
961418
160120
-851731
-525910
-631981
112213
858947
74064
-569206
297719
-934156
-189055
8552
-146690
525258
-663180
-114494
-941048
-902381
776676
84448
-108001
-162876
662149
233195
166210
-456774
937121
-511356
330126
372508
-541100
852465
-196599
905819
769760
-271630
152844
967899
568494
650034
-89270
349996
-973982
-767271
-475008
297457
282393
125374
-697157
944609
-702910
-35910
44865
-932756
341910
903064
-436579
-491147
615733
-661464
-976309
-399554
626270
-392334
-600453
-599070
-717621
-262264
451077
-653573
698535
-902667
-393622
648803
716717
-72239
613123
557464
691678
704630
-496951
-977479
5598
31693
588736
-324691
-848788
-540479
757504
562275
519549
-366378
58977
738355
-958605
-109486
-667582
-116893
-685953
977177
266742
-14393
-844528
-997993
891085
-803328
-47370
533717
625210
19684
-183016
-946001
-640346
109566
723278
40605
-38832
716076
-733220
-75347
-750881
-712217
196364
32145
740102
-279136
898279
376404
901970
155461
-791921
216232
-767597
-345758
-285764
-375972
68452
112741
-195759
542441
-457639
817146
653082
40875
-547259
305173
158373
-350163
224293
-90355
85050
716701
168749
965861
-524552
-586657
-389524
465319
50573
-58307
104222
865642
329489
982203
-842226
180466
292608
818952
622886
373750
-423086
272529
-740587
308604
684729
407984
393627
-626335
617974
-35454
752116
-398987
525913
682327
-556194
721858
233939
-224062
-877367
-134546
-776903
-376113
-381541
468534
266903
990932
228125
-704230
676783
489312
249349
828696
-876531
359505
243488
530704
-973112
-145918
858012
-787642
910167
-256479
666351
218374
-158963
206366
868328
842082
269362
-309953
-635312
784663
-356416
291024
-674756
-495602
-453193
984696
-596110
-726146
-442979
-146393
-245258
-904786
-768106
637612
-10704
-185000
470555
-468765
-70341
891561
-50470
-631669
860748
-635546
923306
304438
882493
6056
896170
142425
68917
-947640
647157
-48637
842358
966997
-594301
-52053
-720317
-704574
484383
-881886
794732
-116707
928128
802215
-274441
-466310
306823
216857
-124947
335342
553108
-840633
388414
-560713
-199291
-305052
-876078
366073
197453
-581226
62509
74403
929964
255917
591549
-463760
-729200
246513
111811
960650
-149880
580756
-452388
-282935
853985
980166
-630869
-87912
-459809
-999577
130469
574200
-445798
420824
-144135
-653026
-434062
370282
303258
150456
-260944
-653320
-934166
217678
546618
-776943
105220
515267
-832141
693709
756134
-537862
-861011
974273
387130
-399723
-309045
662541
-302465
715096
-989064
-420462
-149159
-394196
943102
-200127
147377
-618944
359620
180111
-83062
441162
-217753
641028
-165214
-445973
687603
-458509
-874432
-564175
288446
-9148
-512991
-930890
754273
-176787
-122119
-436507
-373548
-650881
-583640
673373
-93275
-27428
-8838
442093
-92587
-141561
221467
964927
567247
430228
637078
-73966
-237435
-389954
781448
796576
-381271
258839
910949
982558
-803067
-938022
432230
272098
-268808
-894372
-328434
187678
-813938
653345
216152
-20278
470714
-930421
-821377
117280
415667
57262
303081
152641
324456
879039
538545
661877
-347232
414762
357071
431888
916914
-82238
-828825
-447120
-515618
861075
536235
-506462
760391
732371
372973
9508
788110
-717449
469444
106949
-704884
854499
921050
-536023
151467
338105
984401
-786327
236002
913107
133968
-573353
402635
172747
946094
306142
515170
-922313
-77383
-347896
160220
-540942
721058
-697702
-122207
560021
306825
870362
-335768
-848379
721057
434289
811246
-854490
-877568
882923
-492717
-365394
-213242
-865318
-367983
-461420
213223
-884838
-416999
-835674
6102
-723664
-217716
-617798
841423
-10420
-509165
-814980
-104319
-34834
-666277
90599
-811049
-852955
-563152
-333745
916642
907889
-700363
392218
614629
233674
-5826
144783
729276
-631238
358090
-513722
876393
691237
-24160
399423
718844
-749911
-908412
397583
503839
-786144
543254
-952779
-189701
-497726
-937016
-327797
-334389
-557464
611706
-540200
457211
477163
-452428
-943614
316284
915115
-386945
-245791
-772185
-465620
-930080
-252882
920267
-882086
146546
-745830
403541
-578707
908063
-421253
804507
512359
-340613
110241
177221
759354
-18627
-482745
855256
674824
112858
-151259
828384
983426
-875200
82211
440634
968817
92844
417063
-450309
296403
-807384
155791
549120
-25059
282404
-564549
375828
828960
-184528
6337
-417993
-600826
-266540
-684604
636689
-695941
268685
607199
725747
109416
379876
-192838
-748155
373466
-176981
786623
-120430
757761
384471
-861209
-917651
713173
-746251
-46162
-208130
-141869
-954037
-403035
216172
-371739
-905460
-814170
-28567
-796192
-161738
126497
-428907
855463
-456436
-970731
408592
-275475
925739
594459
846111
-118249
582732
-480996
87545
962239
662037
982051
-776785
765653
560924
851917
759863
-788768
-240007
217821
836756
-347934
692102
-382228
480547
264410
621877
-381123
731395
635747
24847
3503
-585950
716154
489669
-97973
195041
21213
-801676
-324482
-276509
824078
710650
27104
-465545
418039
24175
71474
-839905
292519
960195
-416409
-493123
717370
-644238
-922791
-657959
-981801
-848666
-508132
-967919
-261293
-997015
570736
-184034
-442124
-800316
-928560
-894466
-940976
994169
31911
629060
904275
-982374
-95454
969848
180574
970053
-114400
616364
992141
475709
226119
-323172
738577
-487643
984368
-992384
-432580
-538661
-540862
485362
-194020
363374
807324
-211593
396734
-866114
-874068
158508
-731756
729903
234717
-722545
88945
-76663
929645
-84378
-116304
-834065
237404
-721457
-986891
197498
-697728
-723354
-479733
893682
-482762
-565492
-210323
33576
-986573
591322
-181792
-514829
-233736
497570
552893
571333
513636
-67298
-335539
509417
-676509
-55880
10572
122587
96452
852469
-529264
-909244
694057
-309249
739523
-527344
849687
-637619
-94132
-61266
429869
546545
-207027
595555
-300046
801918
226629
-938805
-505913
-876525
610133
190702
-656005
-814711
518303
919035
960509
-782795
-733366
840100
837036
-684838
-194270
-838763
-390837
496686
984797
-297070
759440
-442617
154872
-638548
-485541
454946
529600
-280801
666116
-813808
101485
358731
159693
-508354
773609
-721331
-598665
960031
-548946
685754
-119184
40568
86220
-257929
-490327
309831
663306
557368
555398
887505
976164
987411
-119569
-479033
-454861
-439616
-198140
919060
-212565
-261008
203501
973126
653566
885062
-675633
383638
916573
-48522
-60966
-151530
658974
-435335
860415
834934
-238663
907370
750271
-258574
-299028
-414848
-550881
-145828
637439
-481495
938808
695745
301858
-387905
791402
436027
660210
600681
-852048
-638893
-227430
526609
323727
-411632
181782
-32003
479785
80544
818835
648332
773998
-750302
460786
731023
585458
782478
-935572
-361406
-923943
698690
-761136
54758
556398
-48471
-732057
-279044
680787
701194
-473992
382368
722899
-311317
-479641
-423553
790867
-498529
337272
457846
749288
833651
-459599
-480184
-378238
992881
-511394
403708
-303675
-944177
589742
-399151
629112
415224
279803
48863
-850410
671412
286631
-296372
-87294
632054
-978911
876967
757080
839234
59271
202724
742367
465465
817638
306420
132378
305730
-918116
-655999
325629
775383
245215
578243
-327235
954857
-524970
-89982
-771008
264689
-875931
983336
894516
119957
456326
348162
-343876
-688014
5586
232595
796484
137740
986272
321813
-30987
-342065
-611132
873229
-122940
-476863
612345
737161
265637
-633913
-817831
-675335
385758
261393
163464
-870488
6006
-329822
547953
-769451
925516
253567
515880
-94094
898627
-84236
910063
-312968
688795
-649347
200276
461413
-755877
884056
949624
981588
-858902
461605
122602
993079
-734402
-853194
41393
272306
219436
-229767
695784
-398697
-933411
-112385
-57212
-781446
-105759
-88920
-381518
-541967
211805
620269
-762533
974570
963936
-789430
109897
-4311
-581676
237254
-364061
176220
433680
869280
-920684
-232740
-811894
490648
473546
-90366
-448086
309463
-274917
571044
-397255
-420996
495618
-911445
-950536
-586173
301382
898514
-257842
-652165
598013
-796519
-439642
472482
821300
77221
-368498
931563
-329542
-649414
370152
-501348
568654
-923057
-523296
-510071
685565
-518563
-199842
1091
10530
886223
-100724
926286
76412
-289771
415109
-286583
759018
-706728
-192101
-568910
969285
-695736
-494267
-524542
921818
209425
397987
-918284
-758782
606315
753200
410276
-904992
-604541
842578
686775
-584247
97346
-450555
297574
791138
-768989
300748
-385279
743356
289952
-896224
133900
-784703
446775
-721051
-617514
-883598
670939
416271
987504
633692
557178
61538
-317239
105001
705452
806353
473831
376146
-278667
656136
-301756
-609550
-515145
-163195
-825021
-151498
850999
-213663
-168115
565105
356041
215725
512524
934732
136603
-304137
-275260
975514
77340
755436
-174647
-14518
-681209
-668393
240929
-953354
-432752
-280760
-653002
82968
-673111
20624
807096
-363941
435057
81896
-465779
247439
695610
646769
-417546
-16329
-593995
-385450
228031
611645
772413
-774579
-751582
-292538
-522052
-329923
-789958
-700897
-873666
697210
638879
719318
-534000
529451
-622686
-933786
647828
868685
-192090
-478710
375332
-931248
-554471
-148046
-327519
80991
194574
147603
685335
-268867
231673
568025
651150
-451509
335878
-538120
314864
-986714
303126
345504
-554094
-692499
17878
-222385
-749855
918688
951550
279168
89642
-284381
798499
646913
432005
589538
110778
-704798
-125217
654607
748714
-664951
-203869
-807416
999948
-672797
-316667
647763
-543614
-498123
296171
323019
284209
-146928
746743
405588
535004
207075
89013
-241207
-981986
-573909
-614946
-668936
995396
348485
-949817
-61373
448325
860387
-912919
-32409
171614
-183779
817549
835801
-650930
-59233
622612
-774196
-302677
371585
-535072
73295
-867872
131252
29795
-297836
777796
-159721
807490
940108
989783
-234071
676773
-308307
707099
317018
-859874
-931051
-850291
-331910
-420685
-477880
796095
-894253
-968054
-795690
-715885
861138
-722896
824088
-741354
954463
338565
138456
618102
609871
-353848
401936
-484319
911727
631867
-896949
331516
521921
-867214
-232536
592445
-240701
-416834
603390
400998
-964246
-938448
-558823
285151
706478
318668
-599007
239150
-898369
-941236
-418917
-282155
491221
-845171
499721
416200
-931291
630811
886317
104841
-639377
957908
-854420
-820766
776628
705211
-698547
-439618
-3707
715099
188320
43301
-372745
-327851
-383813
374739
-109645
-395511
-248864
-968077
589354
-256547
18362
-774531
-60571
-746451
66694
40233
560762
-91953
728783
-253810
-991078
-822719
281042
61916
-445368
905330
-256640
922162
-333404
-216407
-748767
881565
840037
-553194
829333
693422
258150
-985613
657845
-470345
-357929
-594473
-377639
-143326
743700
786967
257523
669037
280466
-118695
-895143
-21435
36342
-604618
-709856
-49602
-223808
-179701
274723
-749651
466084
-715043
420643
-600157
949625
919142
-982519
-213754
-983862
-855616
751430
-486963
605195
-789715
101339
991447
627430
311169
-724235
-940183
-710862
-490835
632880
-40381
912389
756584
-643972
564701
-954272
-952069
987805
392131
-187255
823978
-68148
272010
458998
136762
-358405
-333586
-1051
-96092
-703434
931210
358024
733780
536101
916274
-950178
189726
-984914
702704
-330979
216766
-841545
-436326
-538165
-241014
-357495
172172
115053
938550
-458288
771208
243926
-663229
-788674
-302810
-245600
808838
-678320
-814343
-205127
-421679
-106583
642368
718485
656832
-23014
-192698
848001
-252382
856899
997975
854680
-255743
969682
554719
-481970
-986928
-126358
676768
377641
205872
-896992
876687
58896
320350
479647
-116532
31420
-483651
420587
-616643
-702773
-539012
-145214
-225722
-668429
-784668
647199
-548698
511699
819137
-100392
-580239
687333
961514
857959
-612954
258704
-395666
689221
68332
455899
-605988
-236430
360686
-208069
-58449
-81390
-931120
-701427
759508
311601
-345652
-805345
640090
-541017
341486
456296
148661
-571113
-488344
126680
78767
-886511
924434
417610
-27284
707671
-115198
-615657
-165608
-998467
810181
270404
648111
-887895
551863
447067
-814616
987706
-858364
-603561
362175
-601338
797371
501944
-612322
427771
96908
752695
149671
86375
335902
16148
216992
639762
25359
-986997
-231044
931465
-516215
-759324
-368510
95350
-995075
-248790
-593508
-618966
446847
-502029
300990
-309699
215870
28894
-901007
-885299
562078
-68324
-263813
-432542
705524
-65372
845485
-744206
-593571
338314
350025
622848
563260
897386
203405
-212770
64718
-314370
306784
860052
14955
63824
396440
-187559
-398757
-768759
-131226
54590
872018
-837273
-934945
476394
-956022
371789
140839
-103296
472571
-675468
599996
-958947
-183622
-291009
372573
-420739
-438805
27949
932757
253245
734308
802280
-85401
601403
-171552
-71814
453399
-80487
563933
723999
681491
146017
-647277
119221
980861
-350270
898065
785744
231382
741241
73717
-980758
10696
-42037
905031
518711
-939121
103470
971378
887831
681222
-313080
-867615
-414811
-427062
-47217
-87246
-64020
-676339
614223
210970
295738
-400647
32842
357973
517772
-341954
653753
-403385
-10328
362298
413425
774324
-205750
129092
-351775
-114279
-659722
-528363
-922312
-689627
-249236
-398380
976291
-731433
-239814
355261
-823244
-637643
26347
61549
230494
-926298
-987299
-166452
544796
926573
813360
269591
-539342
440258
-468005
23433
-141300
36239
-962728
891813
-385470
149572
-354688
-294365
833085
735191
992241
279156
89587
466779
610219
560756
-277298
-563908
443578
-910036
-749909
-949867
280974
-214464
-80515
302382
686054
-55685
332178
-968555
450027
212597
305134
-706473
583769
-692001
-12845
-405541
447704
-516373
233186
-894116
58217
-618662
-947877
643073
-934533
-829661
272897
421659
-728546
-660931
636569
274042
812239
634890
-823536
-662164
638833
616800
-513092
-786220
998237
86836
-505669
599394
-901872
373733
-270088
531700
354179
-494814
257740
390921
-970600
146810
288576
305758
152368
-900609
-340879
-12505
-485031
-49771
-742516
-410645
-190939
31964
928121
-888836
931094
-282057
-28779
277522
-582987
92025
817303
-754172
160577
644652
-220524
199714
-7291
-798467
-491235
-973647
-124221
742343
-443898
-594812
321356
636218
-314046
182067
-659535
90792
-118038
-588805
39187
153580
-179876
368306
-410345
-460809
-975360
-434460
124022
854776
-386522
-483953
-453071
-882649
402059
-111880
-602911
-859473
151675
-735063
175916
-475850
497552
-126841
551764
-675574
759192
-981357
699625
-84119
913685
708541
-34145
-201875
153949
694880
788154
51858
-965662
156127
749862
-349211
825612
-819238
795811
-198324
-908990
-880244
736669
-945428
294920
-102716
-826343
-669126
-534590
-471683
335436
-230622
519063
-710756
-822714
-424371
-980623
-920761
996043
712851
877344
127325
-983486
851069
-630370
-249963
923335
-528011
-763923
290742
-292901
-12660
492445
-138640
-448709
259048
-31766
-167850
299598
-417207
482178
122105
986551
601142
762211
349602
353931
853064
590819
306347
621212
-359534
-177719
428666
840820
-543317
-965479
503579
221150
-715429
287982
-835847
807709
-700450
290047
439353
-283072
-626473
245059
-238668
866445
765524
-692047
-216562
-686182
328826
852129
616951
-353284
-636211
618702
359678
-807658
597918
990717
803469
67731
935058
-963274
-705147
769134
-597814
-708559
604791
-669650
-583756
987085
-581125
465584
-82834
-291143
-349007
-607332
-567470
-741067
-847022
684282
736930
385651
587890
-687651
-613679
334615
-735788
201917
678252
-206498
-271639
-918941
-769373
672858
-613017
753149
-80776
698331
-554109
-520239
57987
425578
-361142
815758
43359
-969105
-329567
-932674
-407883
133106
-149289
704216
787555
413310
118116
477555
-164024
-637022
60865
520340
-686418
49681
-196509
419368
916437
-986263
910037
-516595
455448
991120
-838671
-239030
-360513
-124357
792122
246496
-622496
-337016
-987303
261432
867954
370507
633139
618683
-968081
366694
-359517
200577
222245
-6062
666841
-180831
479386
938938
-247730
-376153
974618
-857658
-612893
655907
-268193
345845
965909
-888610
-257189
-941789
677855
-54488
379556
-514902
799789
-237747
-694276
-646619
465528
-351706
-955908
-976688
-806014
658379
-184867
-419317
-851536
-182042
229091
550909
794879
327202
-291609
369877
948260
977987
-829825
-410964
368581
-872368
-780468
803335
868301
-535573
809695
-144648
683504
-945855
-79416
-157213
120251
979228
-185027
341982
-157994
332181
344036
-425934
540762
266983
398909
-481537
751817
161888
-832337
-991749
686766
-558096
-322899
-587557
-752558
645220
-401787
380234
145944
522924
653381
131222
-920074
805976
-821814
-412182
-146288
952098
-315162
-474954
-65806
-746716
-159827
550827
112234
302634
-553251
280546
-446080
196770
-522777
-813924
-813164
151856
-450402
881700
-105966
667742
-395525
208209
871251
-871183
796683
625832
197651
-693034
961781
751134
-906997
93371
268844
729082
-176981
-138309
-955731
75353
431094
-108495
624885
-734517
482425
-28882
423811
-295269
-904471
256901
983173
-895316
579416
943235
84514
-309761
-944492
199868
160995
-964527
568860
-694656
923839
696417
-962368
-7187
-595263
-546608
-772268
-74978
957784
809760
-796272
-640255
-327749
-583585
-733561
377159
364022
-545699
-3006
142964
734614
259224
573177
759190
-605971
-736071
-54035
-596590
842755
851255
-527771
-819047
-388839
853786
499907
-878406
609883
380762
798273
-609646
377633
-346266
-248883
814878
291426
-42688
845055
-310991
842038
-679483
814515
665345
419717
-88694
-799416
803035
354129
804067
-298380
-306057
-25826
594813
793281
-61082
-214790
816299
-503129
816551
-504916
673982
-320569
525274
-712963
165388
643010
750988
-593123
50195
-849612
-43471
658996
-250312
-583216
-516305
-66937
-536280
-680039
921110
-909118
628063
646715
-160402
556264
-314681
776580
733482
385108
514424
662658
270520
-730518
593822
242233
-138950
484576
201209
166273
-937266
848162
-692611
-477446
480137
-27673
-293479
268334
626819
-980914
993301
321857
812300
794676
336660
-287017
-673539
365717
97849
829826
533033
-477669
-763930
346982
-245775
620488
-558048
-20884
-574986
-348867
-770546
-48993
-822678
-923995
515104
-501594
297728
428481
838989
-519586
-774654
-100208
-683276
-320748
169216
657562
-709788
263388
-231898
-551463
-379657
-427376
962471
-71227
528345
-465943
778837
299259
-913050
886451
-610477
236809
-817230
-249040
595298
300632
-206174
-153332
589015
-543562
-963913
-871945
-911315
635519
-202261
405092
204983
115944
854836
-313634
-19602
-828824
-647131
-513790
639592
-308796
141108
127517
-91670
466741
168086
141666
-702444
269367
337094
479816
163770
-36879
584485
42238
-875308
849340
-356420
-901620
802699
575057
-617059
28168
-790669
-441324
996711
-13967
-693160
891127
419943
807851
-213071
-495476
754139
-689513
741426
-738389
-183213
-314034
450173
-148164
-492239
-500101
143992
-645726
809807
307026
763834
-813243
203455
-696783
-230242
407994
542509
-458287
-58758
667536
835553
-504280
478314
570553
-558495
607967
-113339
825875
-770252
820715
896178
259602
703041
-382006
223443
-836596
-858923
552284
945950
982049
-393277
220764
832589
28741
-377563
-322311
-197780
-660884
-207679
-580587
-432753
-973104
-708473
-412519
657958
623842
-11977
464755
898409
-615989
-769248
431661
516973
442141
566787
42155
-518183
763931
-825962
-642431
918962
-988895
-831452
-36241
-416175
-696654
93138
-678918
462071
28572
-362628
-10329
338167
882122
-890435
-396969
733073
675494
-427762
419642
-218273
622248
-734203
-167695
-405144
219904
-23873
-821180
182611
-310820
-145063
-396676
-419658
516310
994712
-132001
-331125
-821506
-621143
194758
666563
-574849
-321662
426332
-475915
297968
-637338
-702987
144943
-513479
-22136
-920696
901613
-405216
616391
-966965
163112
932975
635928
961898
782597
496836
815746
-561309
351022
-126219
28226
-621823
-924226
996509
-730738
-939534
40022
979784
-991370
679431
-108467
-763210
-922137
272776
416644
-528944
-358710
253234
320471
-752475
-661559
268367
724399
-175842
-527694
-650769
482868
554182
654452
741192
23584
867760
-995515
-326104
-18513
176644
916070
41106
270002
817578
872702
342525
-495677
-283374
-855005
675749
-166765
636189
-564360
581259
940383
570539
-50704
105616
651265
619714
169393
-846934
-658781
-690729
638355
-782272
959246
451389
236871
218152
815904
-721625
470421
-192582
536668
126555
163901
-376431
-384356
-78218
-586497
428382
-663711
275542
827959
-499608
-468149
-734169
738336
-760284
-214492
-31218
-936263
-416660
-6122
705643
-435516
499808
599037
805071
64619
65110
-407337
450938
-530562
419838
750296
-429681
470999
219671
269339
713430
-960673
879304
923634
602414
216745
-896484
161886
672269
377531
690205
592666
-960715
-541714
-139893
-493614
744054
-808085
-861638
285681
852506
-98987
-585723
-130025
-923664
40837
796274
411050
48248
742256
-802716
-327676
-358232
536229
-744329
361546
-59559
-619021
82684
-105892
303953
-491608
717073
-615448
521581
294004
891611
-780647
56939
-783253
-341790
-731154
852306
-703319
571146
-792795
798590
922127
-99542
-657707
832460
-698068
-641973
-469093
587102
691640
111487
983916
-335477
-210630
-50213
-464630
580326
726985
909842
613266
-891287
724719
185007
-374735
-370113
47913
-4242
-880777
-265301
-462197
572472
-977468
713752
-800256
-25542
366303
503229
967983
-357343
419877
59116
990714
-682508
-908706
-78728
439328
760077
-443733
137025
-520062
-742859
-603236
162398
16899
-726309
403678
633957
413064
865521
809617
-486183
-995298
832484
109880
527921
477243
-959179
-917558
941057
234781
20665
919269
804935
-513329
726889
116770
714197
974410
727527
541827
491990
391224
-708594
403337
175742
-967468
246452
389346
823250
-652947
738815
139456
190353
352776
-193439
-508475
777918
698021
350769
-608486
-980917
328090
738151
332959
657123
761116
800884
908093
-166188
-890531
-206020
-536745
-387560
-918321
599601
582110
323583
-191994
-428787
-719485
-956678
108603
-412245
408072
886406
551916
224899
-619088
569010
-184671
-250816
-713899
770383
-60470
763904
789400
-989388
167109
-24537
-452302
-560085
490875
122848
283625
-130180
706730
572594
-714849
-961517
-185795
-790086
-785275
886608
-233001
-791285
398700
634219
166510
441759
513852
-141054
-686956
-530696
256253
-31807
-683054
-955305
-239341
-362323
-157907
-12008
-449401
266765
-939318
997544
-517249
510069
183085
487845
-927920
-842000
894365
-775792
986666
-123063
847780
507313
578546
-472074
592051
223880
237101
291746
475618
-352021
-973417
468438
-31148
-139327
545364
-417213
-94536
-702119
436670
800558
372205
-839192
432349
-135304
-415427
-718307
-413836
-680375
170570
-844061
395192
-264359
713863
133938
-808676
816603
983261
138130
-779961
-905850
-654739
983214
-123993
63297
-144395
669841
-379105
-506390
844236
-820353
811612
-436542
-204921
-375822
174021
724345
-838466
-345040
-919791
-262318
-626711
316677
519794
-77965
-608797
-755677
-532241
909388
622481
607250
538191
-92639
-728292
-371371
-645711
613429
645593
-143589
606649
-615275
-720438
295583
207845
-982914
318910
303901
-952451
-226708
-405229
-648208
883113
613440
-507620
917453
191644
-522484
613533
577942
277614
-579969
-955021
-213156
-554744
746856
-177839
1268
32184
142184
-189019
948
383973
-482631
274200
457163
401372
-590956
533812
225082
140232
833604
389409
902643
679745
-621883
-665208
-408820
394107
-176104
409753
-469344
481439
25382
-977241
-307774
-97482
-971698
-519952
-493793
66626
-275187
984699
-233041
474343
-967991
-913766
-682984
-315194
369722
-110577
-513121
-733589
-797066
921547
-623029
149724
634519
50897
-761064
-691246
-716406
-638662
257749
-439676
912375
-694703
826395
894878
-991032
-328738
723562
-520623
856025
640640
-952351
-458492
278714
-85325
-652263
-96216
837667
196210
795936
637225
573045
657526
-301811
903168
931561
-112356
-731068
905317
554071
918756
-359608
-505566
38949
-166763
796216
406147
-155702
448383
-167576
636266
-387458
387929
-623715
570110
965760
91336
718564
-386941
349699
594561
891663
478790
-180042
-875899
-548019
-708305
-795281
459403
741093
-404616
-481421
806140
-750193
534013
885348
-389096
-955793
-237271
-776504
-752330
-855633
923536
-771407
170152
-17736
331804
-641137
362685
-639220
832478
77838
60511
827203
602246
-337747
404061
675103
98158
-983331
925508
-226482
430032
814929
-867866
789309
604696
699240
-948228
-366060
-945195
907701
-957593
-707887
206536
629927
-339566
-758396
-86625
-54182
-480140
94500
569788
-769031
797490
-243315
176941
805453
-100895
-215273
-512831
-438041
907497
-596396
-638800
871398
-992763
952293
-361991
-899610
982758
-430727
540361
494341
-234761
-472220
-96233
668179
-20292
740440
-533043
20949
-881324
-153918
-573024
301430
-449763
676291
-479104
470923
-701962
-609847
834347
-560831
992928
292810
-436643
733350
769213
339869
52514
-304496
186875
-381835
-422325
502318
-487606
774394
-124033
895529
578120
-365179
734825
349430
96831
377848
777231
512827
517316
959033
290626
-236325
583296
-271287
463537
605344
-86517
-695676
-632039
226180
-572428
630903
94744
118044
-911651
350169
-73825
199714
49603
-827480
479620
-345827
439644
270689
116407
685999
-67943
271964
-647539
243579
-10421
974145
779448
-895439
308194
49451
66520
196023
-690352
858967
643754
-476555
-931061
-508408
-603810
-601667
-220110
-34053
771975
301398
165319
961922
821036
640676
-386662
-96064
993531
406261
795591
-220544
-827491
-348310
201686
16562
-508763
-80384
76032
-895358
-838495
11194
784145
294806
-177453
-981395
997865
-844315
422778
-430681
-382436
-528721
958281
343741
-805191
243868
-661639
588912
871592
-57739
-689542
-73029
-400595
-560263
368581
-822852
327817
-777123
208205
393788
-971713
-927260
-798573
252381
-686988
-962282
18009
-496161
838511
227872
525934
857358
699969
-807864
-477784
929228
522366
725642
387952
722231
-755927
574548
150519
-179338
-379474
663387
511879
827301
239496
-588136
686964
900059
730883
-959901
-278991
-361772
-858341
546730
110078
-634944
469892
190542
467903
75943
660291
-594662
18280
-253705
-876423
796640
322197
226091
260416
987442
-236234
-313446
84526
-45382
705640
823514
505719
-670281
-373410
-827185
455087
-471404
584574
-359597
489516
266534
-44920
920451
274826
166403
-902287
-166620
-591928
571897
370254
328241
249231
455858
989932
842754
454163
-514206
460412
199450
-870126
711466
-784917
965389
-73734
-147443
-996656
574860
-45401
-967029
-629249
-113
-293046
-96161
110523
226206
287845
-713646
-662137
-220101
856818
-444869
836765
-314513
985764
283540
-755336
199024
-261051
-283335
-979316
-52373
993086
600255
-590186
519796
470837
77294
291853
-989432
-911792
505949
276152
-923845
175385
932905
-830759
-294398
-794118
345937
-580217
-364001
26471
-623951
-690919
611493
506394
649753
908094
125223
-215686
215434
-480470
-100351
894869
-459508
-821269
631234
-248628
402478
118362
-420171
356878
-983396
672300
378634
404924
-280746
-391768
179878
232492
230547
-955533
391044
-162615
182449
-761081
-621626
362328
450775
-873022
288988
9045
-846423
-12133
-758065
598012
-801369
657391
-612181
-648861
-567901
120569
780039
-550076
-257956
-236703
832946
97241
-709188
-687765
624380
-247840
851243
-953392
-265954
-139074
-506354
-454358
687943
170304
-433952
414216
-277820
-942212
-624149
-766047
-252854
-653866
-842334
-572122
-140445
-345698
-65250
435760
514292
-908841
-802253
-783143
-574361
-979565
530991
899430
424569
-63750
980142
180130
105633
-722071
306077
375494
848924
52790
973769
305300
178961
666258
57379
337794
-421274
-74872
661011
678292
792223
-885982
-857867
-669885
-417811
-73174
-747852
-940391
485595
-601842
-170110
-49186
775568
695389
727217
-141844
-501438
-271634
-41807
-381793
856760
925471
5286
378857
-933127
-794053
-186331
240258
-373738
-541707
-196724
122172
-177391
21009
488443
776436
74985
-770142
-136461
-454236
245827
-954642
993929
976278
777783
-116371
720454
-567373
879412
48752
339870
177530
-882160
504671
160011
-591092
463791
199195
-732986
266851
244303
-995966
-926686
910243
251247
-903792
852613
-532599
-877478
580514
215683
-357120
689108
18263
-451816
-297390
930783
979855
443778
526459
489642
-328171
861113
901018
141719
711129
-777332
-831359
-226712
252118
163930
33643
-510715
338194
664297
981965
918252
714692
-438426
-353595
126261
-54897
961274
-378193
-875071
-956307
911621
261719
-611329
-913625
958201
-94648
55258
-987904
-783786
394563
-671293
-238990
-640707
692939
596694
154128
-51021
738781
-625621
-591862
136053
-819522
603964
-144433
-972813
-691476
-139538
214733
-619542
-252618
-433346
429907
965025
-528152
777225
-177000
584511
304030
457591
62677
70727
430777
176389
620557
999218
930800
-887249
362605
824232
614142
589750
-315955
942554
3577
630803
-702378
-855810
284483
-489608
-439617
679912
40601
807295
-210512
426434
215241
-423694
407495
518248
890240
-621898
945336
-652318
-208831
745044
729742
310271
-143502
739365
-993007
781450
-48111
593562
51136
795308
987268
-271707
410110
223710
145677
611400
895177
-309368
-891172
-737224
243749
651963
359742
-386899
-106857
-12024
-316812
-112055
606413
-530693
669470
345762
540507
263735
-284074
172142
88736
218031
-545318
-668086
82759
826494
208993
-122713
-712599
-246812
-327922
-107695
505808
-261026
-338046
-388067
341079
-755871
711436
-330321
-538131
247730
-4741
-86554
-468680
-122139
926997
-381724
-676011
-60304
19104
933949
-126402
-121493
-290147
-186821
-14779
71654
103316
-615348
929725
-759065
395915
-980343
-659785
367358
514832
-894109
-830614
-463481
-390666
750444
-707284
-789124
-8292
711743
154013
-651532
589032
-201202
825059
-61508
-881197
621382
-840305
510608
-659938
762209
759966
366583
-864349
-291769
-264932
-727368
-226362
-688286
562532
228220
693898
321341
469890
82178
420288
234967
-383303
270968
-373542
287754
121504
-484355
578781
861203
571366
-98255
-719371
694973
705207
232437
343330
-903761
-897097
949316
501009
741198
-799316
-765779
113541
-195760
-882888
376684
226292
-613025
-505917
-825052
-193234
-563995
863351
927548
310328
-309510
933221
-128301
-307657
397288
709573
270305
-889720
-484649
15450
-320405
625900
95130
-897164
-909214
-351903
297620
-842225
214041
-613620
-230328
141593
-296222
451409
-313475
-39855
-814780
894853
-473462
-202549
-466470
-626373
381507
-630000
-537525
-188741
-760448
-602014
-429983
570385
890438
322332
412488
-275519
-737515
-937416
-667546
-786024
508366
993771
-912303
-77539
71742
356331
768369
884135
263883
-829232
-202188
567944
-873287
-23656
-799641
-222489
-680806
-283835
375096
388780
19280
-339039
-516539
387220
-582336
-174942
456416
754020
-504427
668264
-280094
-117831
418222
793314
-217816
-491906
71590
819217
736943
247672
475901
263141
-484792
758780
-962201
-900669
668151
-282176
795057
-647000
-978834
-826290
270924
479591
-99551
883476
-342664
-229618
716294
897689
913422
248551
323307
585930
-441238
-114918
-277261
-213262
787571
656880
-179794
-909239
830920
554930
259156
-518365
-462072
-871376
6558
-718519
436798
178013
891842
658917
668008
-852073
-180087
-21098
-604638
728709
589582
-197724
-137100
447514
41237
249421
689716
921782
942597
-424130
122905
-289685
-280573
443677
205790
-395812
-540371
-398781
759439
400450
895088
-808441
799860
879240
-185977
381878
125463
-585450
-351215
-160994
991858
-872020
708557
-65975
844602
-528924
338548
-740409
483394
333274
310066
586661
-685682
26087
-881341
-392326
-751371
848904
471079
-462049
726129
-590371
315905
-493186
-612601
-128178
809234
-729981
615245
118600
450380
-144848
-82787
630565
109718
-192819
387797
165290
751259
25020
861255
312873
163791
-522389
30276
-123577
-296960
499554
545600
378712
-622060
226300
-626014
-768538
178917
-622798
62507
834897
-480970
936211
-635264
-264944
8016
207312
-109611
153493
-500163
-245261
-605768
-299057
678304
232752
-628360
-306871
254639
-270764
173872
-407824
-907825
-804902
522483
449778
578378
-637668
878997
388161
941103
-148057
-529388
329014
134983
633511
-780638
-389293
805423
790913
106576
-751967
-665321
957440
12760
-779208
-798058
-742490
219655
-743331
-740697
565284
655429
-75323
495812
864102
175683
968312
-79203
-30267
288575
-418479
707189
-772768
-178569
-116958
-39398
-519803
2472
-759820
502271
-757304
746945
253419
-391177
243894
-49879
-554040
417040
-796508
141994
-899959
-850422
982432
745848
736811
702835
-481271
-527390
-733681
487776
320443
-892780
288379
-257207
-684318
230150
292407
-620286
-172304
-673147
487383
-837038
199849
-134820
-902631
-639950
272859
-236513
761316
468900
65836
-353517
-665487
-30164
-526325
-509123
157573
-305553
186185
-451194
-604964
-583577
-858944
604039
-392158
919873
386225
-614537
903194
71252
611372
-432978
428770
-52163
-596568
-280363
-998451
-500709
330035
105517
809072
-867356
171843
580216
774457
-915358
278442
-97657
131256
721486
796584
-327455
-289406
-52089
-924262
590861
-832470
287215
574801
711421
74864
114147
680702
-684137
-792586
753876
773448
-615840
-198867
-710265
441600
16583
-20401
839525
676460
866188
642565
383615
-673600
-142517
430120
522275
-472149
457129
-604380
-519277
-950644
438554
150777
-688408
736581
536012
-985637
-792189
-404056
354867
508922
-878421
-508273
869938
751068
-364856
-610296
-961309
90341
-911813
690348
-169853
582776
-690728
-193903
931837
545336
-191615
898517
742545
822120
853088
887131
14881
382832
858432
-420334
-475368
985089
-504695
-497679
-760457
917327
156758
-459905
493310
815613
-949963
306318
-976269
249367
106618
-374264
565137
-179144
-608832
-703519
-830832
492364
-880131
801196
470093
-633360
-436287
-714550
24087
-847498
-509685
-537668
-683498
789124
-661432
-111078
783959
23644
816617
-368099
-245385
444598
373663
-478122
214380
37833
800950
-792447
-662805
-916375
-233461
588660
-665991
141770
-600660
-232398
-518894
550370
-98422
-26211
6383
412909
-240291
-946489
811512
-957430
-787307
-509463
-290490
381698
-920072
762348
-20653
-519895
813021
-491355
437569
-188322
281987
506142
-422204
567725
396558
586895
-644052
-280813
-777056
-309396
890386
631521
817808
907672
902687
430265
884938
336695
176372
920373
-349629
-474847
-643655
-299736
965142
-945934
-111419
484476
-884800
-339394
-847641
838586
-132107
-586782
-500785
-620375
-952931
-132875
518172
-907635
-922770
777822
-67197
-961008
-711641
38271
311961
131903
-899738
215439
50237
-952917
-309082
-376570
-284380
882480
47065
737841
-355710
-448430
-963938
586341
610386
-864061
-753633
-154928
-801470
377985
866826
765675
739646
96540
-419670
-554101
351896
-839787
-64863
47639
248401
935010
127556
-439596
-563065
-175601
993939
-971556
269690
-731138
305107
428590
-954052
-748081
-447286
-794274
-129291
-19494
276503
36205
351824
-545447
-851541
-194637
-529274
-418525
-734616
446329
777989
-317165
-378412
307747
-990532
889095
936570
472458
796678
551812
-705955
-545304
218544
-141577
-595302
-979859
-118103
-36969
274201
-509586
-654523
-200986
-344209
-341699
-472146
-684459
883156
455571
394983
-306937
890044
448298
-966146
94382
-209644
772456
707278
684690
273946
-176203
275310
951344
-283559
-70035
736186
-913793
793920
-92047
-84357
817229
112350
-122664
330806
534216
-962499
349763
477454
-814823
-763560
746063
-902698
680363
275513
-81501
626103
219402
-224588
446120
394491
-475162
219193
-468520
-736140
-194506
786394
-899792
293131
-388359
298714
-652993
-522136
-899945
-718354
391393
-545989
-862873
784275
619653
-859482
-990262
497547
894633
152647
-997388
-910091
778088
-450331
-856501
-78328
-18647
140982
281063
123884
788857
-67894
195514
-151371
-31757
139672
-787639
566012
104924
726051
-864616
-669668
957515
687817
305828
-762490
-805115
465192
-547062
531650
624999
82989
-940219
-740733
-479876
-787398
-21356
-386332
-244689
966643
191994
675909
-199526
-744026
-663457
-753987
-675588
-504491
-343852
-125382
668489
477153
-182668
-335940
389212
731860
415846
-762582
-676408
657226
653438
927696
-534196
-265091
-424061
-611722
-928540
321132
15371
-953698
-441220
-405848
650243
-816551
-459712
888123
431307
228294
-68850
-256459
-772610
-42456
457997
-808492
465359
100771
566487
477519
311567
-553709
292818
78015
-4277
394377
419740
-376533
-328431
-420253
-466652
-664018
-251053
-931833
345558
90567
-369947
-434244
-855826
38717
669729
849061
-84114
-833491
649898
-971430
-117589
-339407
940621
-212700
708481
-676305
-325245
85973
614950
-361797
-709741
-279102
-549732
565930
105044
-572705
-719040
-176460
-576752
-782091
-536192
-703803
235909
-887294
-288726
330208
665349
-87123
983263
-344912
147901
918372
467750
747949
922002
-689260
64412
-875033
-262233
-70524
-604215
-610957
-902149
-465073
403855
445295
203056
923132
876220
-589005
-714906
669627
-888770
-341355
-238906
-179650
190582
-984871
233883
976050
802981
89652
550554
-585127
989827
-780549
-876734
73414
503022
925293
-877090
739508
273216
929433
70824
-309246
782521
-899859
411144
-493617
-660453
-814627
-709126
83886
-374955
-80468
-485619
560646
258135
-348454
896007
979337
282372
595370
952870
-835889
836806
-144305
120833
-621042
553019
-159565
-875379
-136968
-462452
272355
347196
742065
821087
-655718
16832
928364
-765086
631144
334318
-213983
-906104
-408066
123965
-558355
-720559
821401
271341
-229243
-665279
52745
289348
-675624
-296846
-993443
-491789
-250687
374725
-175955
-660200
-629146
-14028
-701948
732765
790192
-389053
-141977
-859971
-61721
-853483
-406522
599527
850025
771867
-644098
-4933
805638
778855
626633
360177
842107
